4846135
13251980
12785080
12355293
11668313
1747936
5831438
2750765
522754
5514013
10049651
13815275
2885272
2674722
3912821
5114958
6527059
9199670
185190
9303679
9299153
2905357
10479347
1758778
10005228
2397920
3375039
8615620
8809339
3420397
5925181
16541880
3073325
16203690
3633053
1092949
2456037
2415309
4537021
6806944
10521597
694481
16477034
8538845
6274959
10496043
15285613
8275900
6932262
6517952
13732897
11792645
10509204
5345330
2319462
4255650
5638978
12573378
4174077
4532575
1670665
16650816
12394856
3661846
14935775
6252115
14582404
13362357
13951905
13665988
1468177
3812081
6665450
12317443
2848890
6549629
10564488
416569
6033667
10544432
13983232
15627348
13962151
11812278
8382138
10593126
4976300
9215519
1993162
16243322
12574712
11432465
3567554
15860604
15337726
7277380
1583345
10655347
4998899
10684819
11196719
2375773
16189119
3655671
374740
8040795
4259317
3558551
1835180
14826649
10735287
14114139
7274897
556134
6061893
1477489
16380937
13816423
4764286
13192350
3064456
10526843
893025
15101558
3392792
7492655
13666323
7375650
5230821
2868676
13536155
1619659
13461681
4556523
12198927
15975832
13609310
9710903
3040870
10586537
8250572
6005482
9740702
3921042
12019128
2123636
5908847
14962052
7745782
10244421
3723526
1905311
15129127
7198189
15618782
13778365
14924817
15775124
16646379
15055225
1809980
12047550
8597203
10299216
16419237
1203493
9708061
8786260
15547747
15027486
4355469
212520
14960827
10249803
3080478
5968597
7910046
15860202
16708159
960634
2598274
4086795
5241888
15147462
15706772
10955027
14010633
15022836
16213671
12262332
8337339
965639
1298065
12834431
9881111
13037049
13215429
4105173
12771347
6839764
9147017
9526828
2089821
14406092
13281712
9692297
688040
12808674
6596565
3941652
14542318
308455
8416530
15176812
1302674
6023524
9981340
8935865
11310953
15224148
10756897
3318970
15616099
11341194
4538291
3260092
6599549
1147721
6243804
10369666
8792676
5128564
9567209
10621816
9839860
9468129
9363610
6163275
3843959
901434
6454642
16168969
1089874
4528177
5311824
8430958
2973259
2224131
16541059
13101984
14226804
3362443
2388592
886224
5122598
13860044
7983043
12744103
13609272
11839803
1297833
452125
15432200
5475024
6015134
2206600
15491994
12371342
673666
15788088
2811211
14884914
16089897
12162707
15314008
3011422
1075975
4140312
5934748
11690738
7406504
13991658
15338373
13993740
8727690
1375900
311663
14328239
14744401
15225313
7445264
2336020
9071031
4652459
131514
1428300
15206764
1194936
893372
14208803
11844836
9289517
15630627
10800637
5078379
9002530
12567170
10758113
14507257
11201562
15898743
13917137
10423578
3985032
6819545
4735064
4985546
14307903
10780548
3065914
10336629
5437537
269792
8343336
12389433
13360372
13502769
3020711
1725525
14623140
1641962
8580964
15107341
6071904
9938174
15921081
6668415
13312178
2296164
1765987
11984066
8010622
9065130
11918367
16129333
11818146
5147535
16018764
6209605
15845008
15241287
5656996
11310571
13607523
10368273
12581034
7376361
5709103
12228193
9830019
6522426
12163740
15565775
136665
9963893
14133392
15757712
14240890
14551456
12451257
3224859
6085524
5363119
12634192
2405403
3374786
13690434
6853893
11893920
5531754
13301805
2009412
6460912
13339489
11995444
313682
4099605
14428021
10349535
5084073
12346543
7255279
9142897
5603592
1260336
8237332
4093469
7236915
4792580
15400790
14947864
16490771
7445198
12648175
3248541
890188
9048577
12443544
14422032
14355856
2150875
14862375
14242345
16735002
6615755
1113133
4132524
6043831
731623
9381853
5481331
3348087
15280695
10975480
14741607
10563544
8299751
7482879
3683561
14247580
10631093
15736689
12515421
9480175
11677992
2467728
7062484
13582988
3615783
7452927
4625552
642208
15500261
10832184
15549617
13263110
11444465
8595223
11139241
14452257
15561858
3175540
8006677
11798304
14559998
1452593
7993146
15305711
14644704
13176109
4867838
12682797
15450859
9592331
8465196
1436602
7503571
4014840
10301922
11770669
5703455
12433249
2529905
2534777
8279599
9096925
12422508
6650722
4691976
8963217
12157590
3731222
16108127
2290654
1609513
14132040
8329782
6494271
15267666
14889871
12247059
3771933
11238427
1013377
11052438
9280135
5792422
6271753
5469945
12626396
9304698
4417795
6853767
4653763
11259325
10042037
8144632
5601579
5765003
9683732
1229050
7106935
13902097
11312376
16215026
5835926
8003045
12852058
9324916
7276394
410113
2479045
16251266
4911247
2525177
8346517
9499404
15428735
16653164
3917963
1524663
15318769
555595
7310912
15673661
5996112
9320054
10106543
13282628
7197020
7831589
10210494
10647478
9098270
12292100
3821305
16768806
7114429
14042411
10972988
10692082
9071394
1953565
9348053
6115637
10439624
12580260
16521466
11687875
12624840
13625272
11499501
10616482
12805048
6147810
8021284
13025698
10272227
3575085
16632305
10814684
3279895
11524243
14864871
12884713
4470624
2006723
10054144
1097431
13202407
14384999
3936496
15860676
2021007
4059293
2164390
6730292
15072229
8714456
2694650
8753165
15318658
16284287
5533901
9328446
13747018
2553728
11822499
8721361
4501908
3214756
11884442
6187079
3301824
14894795
1040427
4139450
2923431
8993319
9268891
10025040
7632101
11560042
6704458
7616283
3384094
15598644
12079663
1578116
566563
13507934
10860490
7990486
5854499
5140615
3116962
12265339
9564964
10720252
10424599
8286173
9242437
6276967
7337938
5290184
15301824
9298878
1838690
4878216
605689
4437164
15914214
5273285
14316947
15062853
7830164
14515068
6475018
16130798
4570338
2538532
249130
11326566
10938804
8382046
5995654
4183942
10783913
7534129
4712947
6242715
15016937
14642700
13124143
7040105
15898673
7566424
7077330
6109106
16037840
4963747
824581
8146057
2903673
12270802
4703905
14504487
8645953
16623870
11077097
10145482
14381335
1672712
526942
14082020
3197761
638197
7282160
7435069
15831249
9332638
10865758
7509482
12127551
6449941
9668713
15965598
10404394
1784229
8132179
10433697
1097040
4043532
14271534
6811600
4681302
1371124
6045027
1724471
6075027
15185798
10485050
14786138
4572794
13067029
3983653
11574252
10120294
16721850
1590564
7520406
11776168
2923485
13340631
571298
437410
1299034
11544186
636314
9897851
6093323
11155593
16748176
7457918
5706284
13796502
11746953
8894161
15186437
2957720
251249
10621258
8196098
10084077
6022747
7315830
13304094
12691255
14493197
13975475
4133203
3695721
1423037
16338245
6716265
1307488
8689019
349621
12334629
641249
5706026
2364568
10869138
14278128
1470961
13020391
7021717
1868846
14731981
11210111
1037501
6811964
10556548
7983185
13380519
2557939
14704977
5437600
5284319
6644970
15295153
14879356
16016042
7573146
15025726
7035701
10088850
3526239
15252238
11344342
6501860
5401507
10737139
11888917
15777000
12673928
4036601
15438639
8432827
15940286
16750305
8557858
6042407
1636942
12595880
5784424
13730090
7925960
14603559
12484645
13967351
8875130
8446067
1268483
9624492
1287983
4953633
15765353
11670782
4765026
14730158
8673232
5911139
14090198
341771
2274833
2917728
14416929
5159170
7699013
2385327
13448434
4772181
5696914
10736929
7916194
665987
7282127
376830
3624447
10270408
10058550
5710314
12513115
11770238
7570602
10549761
15501388
12254980
7827997
16596515
914674
224070
4362629
7720972
15320877
5257111
8315561
4193002
5683362
10116321
11764359
15601889
10999142
1429279
10148269
8810711
6256038
8963836
3607285
4610451
2647759
16763833
439153
5864214
11180416
13996780
1057306
1830345
14163657
10273850
3168203
1051587
1368666
12467506
14387100
13846303
7693701
6155111
3651161
4875283
6792797
12454216
12146419
13570515
3312564
12796854
7162689
8359489
12234805
3001115
9506084
10836106
5087646
6146491
16356946
6798005
7854761
6642203
5709169
12360796
1932355
4360933
15351823
2250087
3637878
8904992
6921003
12354034
3516529
8140178
12921204
7982078
11010901
12897819
14129235
8493021
3178876
15775532
6280438
12914842
11125343
11412457
1090089
8488440
14501518
12186722
13007001
7596243
10536367
8675344
5324396
13414655
7069476
8883986
16358041
9243615
15107708
10618341
6452579
2099495
1639620
11273487
10443654
1439331
14190731
1912789
1920612
12801507
10993013
10041936
1344062
7220706
10506037
7096131
13610499
8117407
10909702
2078897
196538
10645840
6391248
9056975
409239
14465958
14725295
9737942
2093593
12453817
13737675
2746978
12514621
2342384
4311582
1970006
13250502
2818439
10406477
14118875
4808457
13027351
5422197
9722054
2102591
6018135
2683543
12102334
8072081
13322797
5267779
6244026
6795594
16727256
5925371
1938615
10773365
417197
8747280
3908457
490789
3851712
5841846
12878934
7693093
5726787
3148923
6883577
10588032
6862397
11841151
13185757
13306738
5638062
13467774
16402720
12561086
7699951
11711742
1792383
14394168
6798963
629472
15149366
2336871
10287072
15697435
6320608
15507119
1541268
13814115
7888963
13866285
2691446
6165585
9520449
13298344
16117531
9126840
1203262
4543104
10585563
1374438
15041843
3306314
3288227
1906122
15096578
14337038
10973656
283977
16099353
10119061
8751269
1492324
1039138
487718
9799588
14477925
11907958
5125181
4829886
13048772
9982007
3740512
15244692
15166265
11828544
1268253
13154485
1745192
12606914
3657087
7747134
9301368
8273203
9969123
3161454
14585306
1483575
13285112
2978803
11036808
3475046
9082919
16253588
13064653
6314844
3148289
8432926
7762082
9302292
4384405
14702120
15771993
7977104
9671581
3443329
1821029
2776036
3549268
1663175
5446424
13041420
11142802
10959809
6228134
12958612
9996640
8957122
14577787
15459791
7898027
10412620
1265612
5107558
2157049
14977515
5484572
7257664
9898815
13096456
2498429
12976163
7514323
5057834
734814
7359020
10919261
3922640
161519
3641105
11124799
4429502
1977953
6160176
16027535
9879867
3329446
3279302
3456996
14968137
5481179
6209085
4329636
5587102
11928556
5240603
8074832
5031787
1129443
10861889
1242212
7085012
10232780
2122033
644844
4045102
9491505
5015705
5354142
6280638
11581921
1867741
3936929
6661630
3298798
2464104
12191360
6970872
2075330
1857104
3863229
10511199
7390348
3212658
3132574
8663493
13416279
5240418
9621334
15942694
10354380
10241157
3841945
11104426
3760095
4098899
13169618
3587954
15374687
16707375
14304465
15030186
4227841
6958438
3501497
10277401
10369102
6992305
3685387
5994936
1504164
4575018
11410319
13032656
12386968
2258421
15971963
11525956
2379229
13456595
16554698
2575550
7090475
6684294
13032220
1309282
2068682
12522876
6614436
1628094
9195439
6804527
5017541
3936405
1142941
9676210
6724331
6586635
15960893
11239268
4653023
11493037
4780446
10541593
10986367
5043857
11100296
7572999
4115249
14601913
8366716
9138329
13890211
13181595
2564232
6806951
13969577
8952706
8915380
14663132
8841179
2296100
10360879
11602397
5397139
4108443
15804247
2694282
8995442
8860538
9874735
14267864
8885025
14285169
16714235
15706894
3280995
16255103
15431535
5353399
13359543
1844572
1954605
5252177
3623878
5339950
9061417
3122134
9872103
10463801
13108511
3297082
2526067
15627450
11732286
15089054
3186314
1245810
9830639
4431957
8361222
3295984
11531487
14756599
3915990
4605702
7273033
11745406
10729451
9662233
2534141
10190594
14335215
12015999
12315309
2124517
15049389
609576
1935261
12937251
15730901
15783261
8883253
14640210
9035035
15208025
16362138
1643790
4133915
16577507
14356756
11169016
15743883
9805333
5093081
15596513
4693072
4550865
15870627
15175106
16677069
12708670
4772994
9600497
5831572
14963202
13107276
6693225
8760849
3599288
4705104
793186
9170741
13711202
11400216
919854
9804124
11887444
7971693
10881318
7775685
13601862
7241770
2284715
12946622
11262701
1835269
16068482
15263131
11638424
5248512
1866608
12548593
2461671
4416514
14739120
6606374
717781
1160632
9168627
15587228
10055623
5937932
9045185
13244407
15636314
9105703
12008072
13178569
2191159
13307476
3211087
9029889
5165313
3882010
6944475
16582878
9221910
5049397
16570161
10032105
11617914
5949567
4957623
11530144
2571746
7599929
9225133
10586834
6757746
9943751
8657532
2751119
12414771
15866509
5524325
3207078
6215667
11092048
11944733
8695338
16154244
15007602
10526851
638256
2988034
3735325
7511300
6560603
14675454
2319282
10923340
9504249
2269934
10384304
1634494
3794603
830866
6252208
4146612
13662051
8523865
16195400
12842684
8251505
11141646
4728842
5925387
11808983
9081966
14673498
4519697
239781
6561645
6285428
14380645
1421442
1067067
633992
4281741
10429055
15469861
10142405
7877074
9132173
3225279
7674082
13257468
11408795
11929257
2771137
7821321
3866926
14436494
14383817
3394559
2470845
6886869
14136513
13152159
8629646
9563036
1377585
10145097
9876463
4071569
12646055
9410147
2149095
1280030
15270807
177316
2342173
11931224
12757059
6898946
2646731
10188550
1132911
10999191
1553371
10749409
5892776
1864327
6511352
7520785
977511
8607754
1360008
15077039
349059
14989272
11222704
9074910
2967345
2217666
10738806
13868471
5727992
10650316
3809017
6281753
8366138
13591321
7822907
12500968
3252252
3162102
8313009
1766185
16710922
1534655
15947492
10858686
6078349
15116731
9470185
8301660
10019993
8600561
6724404
11384490
392514
15131352
3594607
3111708
12771442
11047924
13700491
11737740
577548
13052400
6783207
4663059
15761891
11191099
6497982
14351085
2114277
13404989
6558588
7221970
10845701
1475081
8770924
13539139
5326224
4127997
10003061
953314
8577787
14323702
14980373
16153334
13437850
6015683
3263152
7678404
337431
4171819
16521105
14592861
11756099
11410233
9192292
6633191
14381132
2044854
7341337
10594174
11594597
14463864
13697049
10437106
2321317
8745678
667790
2139062
9855190
14606993
8319559
14010756
9953821
12424548
2828068
9828127
5269854
8304480
2234495
9320391
4438935
813794
6896677
732115
9772489
5786186
6085263
5379807
10114634
1765484
5118707
15765228
14098976
2554872
439179
14674615
3658341
12522627
7832310
6715477
10628243
16257471
6151214
14397462
13481802
689770
14686885
3984971
10877220
2232240
6621557
13534352
13129225
12670752
4424625
2686622
759831
14443746
5598771
6388372
8163663
9464025
1375233
6274786
15167321
13083996
10132873
10050124
16760088
4191762
14244629
9978393
1936113
2007306
5953491
12270680
5866489
10647512
9949816
10564052
8833423
16765478
16775941
5379442
2447571
13370541
10287502
1515175
6822407
15800862
10993795
11550354
13379397
5095399
16197948
10534990
7368219
6328326
2426636
4229937
2399569
8240439
15707998
2782689
9887182
8083639
7864284
10637683
8954270
15940257
13203891
4059438
13096778
6121614
10264193
12809230
1636400
4236185
5346193
10931638
2301705
7905333
12361297
10169127
10876668
1309045
228617
5757287
6994754
11925346
10441745
2238217
3046184
3217108
15269318
3738266
10792279
13916665
4543927
9614570
2690912
14273845
11837784
7963740
3707715
7110012
7259601
10079137
13001481
15996253
13993520
3645336
13955766
7292471
1229699
6443903
5624264
12612801
16421891
1881375
7735024
2315535
8594333
15243829
2804258
15225752
9865680
12540465
881154
4982886
8465093
2142456
6447514
9521352
10854221
1500795
4532612
12622845
2262061
8483004
5723181
4151900
7647464
3305503
8281705
11085119
730071
14880217
2493571
12114592
9640232
389088
7927555
6875876
4925151
2326991
14164397
8053665
14120355
8516834
9796056
11274328
11212740
2924434
13563608
14384183
13934908
12006692
6291299
1142474
3620921
11494417
11524292
15739707
13707514
1269041
1370206
9578333
5498215
6554195
14488676
15804194
16673823
15451930
3648941
6372184
13659947
5654512
11342208
2517418
5731274
16332351
14886541
11065555
14192198
4736052
12614580
7649462
4348371
15555328
6494488
10562484
14711036
7051704
13824936
3747601
15979050
15185618
12767434
7992451
5392671
2396089
15901149
6420806
3347820
14253773
10997269
13445103
13789691
10278402
10376179
12506162
16058095
1396799
3303840
14472050
14145585
2685867
7703729
1533047
6552572
10612813
16153948
2696461
5290208
4904573
4464324
11712401
4457846
14738736
4836605
15779188
1474875
5539405
15174008
4860066
2885806
1211673
9371374
14529957
1870568
2972938
4677209
5799082
8015766
2804810
7110261
2200150
1738039
11518434
12809749
11031389
3769372
6705516
8296199
9535768
14530218
10822449
16558703
4391737
16336344
5850286
15695990
11803816
5928389
14104725
6105776
14459151
14529757
4725701
13822742
14579550
14197668
5387250
14045028
14503077
15689691
12747333
3203698
10796048
14829143
1052078
11866569
189860
2838348
3009390
16356517
3610481
11183227
12572141
8649417
2033017
10093307
15333364
11318279
10249538
947982
6218280
5471442
12944469
3662469
8073166
1818676
9805387
10152442
6605786
5782392
3926269
4672810
10225051
2657050
6501771
5060436
7766681
9421618
13364364
4980889
15122080
7915034
160893
1944774
2634086
7971604
10532066
13789694
962550
14437100
2521076
14736939
5465208
2275794
365018
11755521
15877875
2370383
13283423
7908296
3193438
12506892
7594757
10770432
7571534
4872745
5487100
8820276
14710961
13734159
414985
7320636
8525589
8190009
16581333
13475154
12687925
5136146
5496657
6571051
11561477
2553322
16516591
6658929
2054559
10069808
11457608
1604535
14785344
6280044
8578225
14725371
5233125
5537543
4059057
16073125
1586173
7983026
15980749
15001788
7559760
10575186
10000490
10191065
13400884
15519331
13982381
6340659
1729059
8055395
11830302
7791541
6169557
16163943
1960399
2667252
4357419
14253258
890175
12143703
3128473
5460525
6170098
9849740
16678895
14917398
9905349
3520487
4061432
588344
10377605
3969002
15390697
2636544
10220297
5260983
12963908
137758
12302152
12182212
5646712
13743581
4174916
15867507
6456719
2798474
16211589
6596348
12741353
5794240
9213695
15255314
14676042
3189352
11254480
4986234
14993757
5010961
14433279
15171285
10212162
9741516
2229689
16238962
11334104
6349321
10772726
2739459
13153526
11219128
4428382
3050150
7263810
6191852
2750606
4937375
8094169
4447061
3087428
11915400
7254963
9811788
1938450
15573979
11617934
3620038
11113576
7560391
4979904
13383757
14015555
6103168
13206952
13746985
3397879
9510716
14342183
14434601
12214433
6106372
2363891
999134
10577292
612542
1253799
5287145
6700485
4297101
8973283
14211522
5331821
5744071
7424059
821663
5965051
2101151
4679198
5519969
7029424
11615605
5309090
11964416
4647113
1649330
6539970
11082702
2856623
11748573
15740349
7043978
9276252
9298025
6855227
14913980
760363
12565290
8636540
6309594
2595947
12780406
9886687
3390845
6745748
12728790
12598973
2370528
9645189
9178557
8557913
15830756
8022403
9368533
14842777
7591493
326314
15858695
4075548
8767011
12673811
1167706
14102950
7640297
7872324
927377
528655
9137300
4917062
10093054
1081587
15836433
1392380
16250618
6333671
4725748
12052208
15192392
1534810
16672309
15425572
11815874
7171960
16104430
5676771
11976128
8227357
3278360
13637342
2109144
5530228
12325968
1495366
5162234
4618018
9502299
16287684
11741764
12072913
1536994
16560286
6902862
6933409
2111026
9993299
5069703
1799011
9125192
11358084
9173906
4486578
15385709
12087239
6450088
13633225
13855961
5426046
10411173
10515844
14821242
1382062
10536838
14883803
9387259
3334158
15520421
14635664
15625973
13228416
4175049
16492293
11278834
5764234
10144057
207022
6545809
16685808
9610306
8155080
9923607
6687934
183916
16705439
15755937
7313812
2105398
2896183
1629995
4729842
4463378
16555683
10426409
7897702
4957779
10130173
15220570
3645455
7596731
6886900
7306039
14641398
4557226
9504349
5210928
14714034
429352
8357330
6873758
12015564
463864
10422931
2224140
16636072
15189870
7480633
811535
14695399
15069219
11384718
3034027
5688462
16110007
8843772
9225153
15463129
12491911
12902256
5857443
16678638
5668320
4070751
14192240
3877016
5397296
5716148
13786989
7804835
3850998
3359212
16336104
13813639
13319575
1102968
4446432
12919245
16648385
7729318
2748369
7996101
7635211
9807304
14693032
8659233
15867495
1129799
9035277
13465686
5142615
9769049
16222635
503014
4376157
12106429
4281162
3116578
4306619
4150956
8976869
5822564
6304156
1561214
6199324
3998313
10426348
10506477
4339362
16277012
16294757
8030973
14584391
7777702
4036636
4986777
5915054
8446049
16303737
11446990
14051202
8169850
2078391
6176311
7660381
6660161
6159395
6008763
11606122
14513576
12080621
5561385
16533748
2312047
11279590
7293540
6077671
4409767
831646
389876
15192478
11190836
4520110
1418924
15369949
8656848
12174065
5717033